The data:
Int16 ScanTime_Year[nscan = 3] = {2012, 2012, 2012};
Int32 ScanTime_Month[nscan = 3] = {9, 9, 9};
Int32 ScanTime_DayOfMonth[nscan = 3] = {25, 25, 25};
Int32 ScanTime_Hour[nscan = 3] = {0, 1, 2};
Int32 ScanTime_Minute[nscan = 3] = {55, 41, 27};
Int32 ScanTime_Second[nscan = 3] = {24, 34, 45};
Int16 ScanTime_MilliSecond[nscan = 3] = {325, 941, 556};
Int16 ScanTime_DayOfYear[nscan = 3] = {269, 269, 269};
Float64 scanTime_sec[nscan = 3] = {3324.32564926147, 6094.9415435791, 8865.5566368103};
Float32 Latitude[nscan = 3][nray = 3] = {{-36.2444, -35.1639, -34.0923},{34.009, 35.069, 36.12},{-36.2432, -35.1631, -34.0918}};
Float32 Longitude[nscan = 3][nray = 3] = {{-119.507, -119.469, -119.459},{48.6535, 48.6898, 48.701},{-143.194, -143.155, -143.143}};
Int32 scanStatus_missing[nscan = 3] = {0, 0, 0};
Int32 scanStatus_validity[nscan = 3] = {0, 0, 0};
Int32 scanStatus_qac[nscan = 3] = {0, 0, 0};
Int32 scanStatus_geoQuality[nscan = 3] = {0, 0, 0};
Int32 scanStatus_dataQuality[nscan = 3] = {0, 0, 0};
Int16 scanStatus_SCorientation[nscan = 3] = {0, 0, 0};
Int32 scanStatus_acsMode[nscan = 3] = {4, 4, 4};
Int32 scanStatus_yawUpdateS[nscan = 3] = {2, 2, 2};
Int32 scanStatus_prMode[nscan = 3] = {1, 1, 1};
Int32 scanStatus_prStatus1[nscan = 3] = {32, 32, 32};
Int32 scanStatus_prStatus2[nscan = 3] = {0, 0, 0};
Float64 scanStatus_FractionalGranuleNumber[nscan = 3] = {2.31927629443642e-05, 0.499897691309047, 0.999772045645759};
Float32 navigation_scPosX[nscan = 3] = {-1.0949e+06, 1.11881e+06, -1.14559e+06};
Float32 navigation_scPosY[nscan = 3] = {-5.44742e+06, 5.43605e+06, -5.43693e+06};
Float32 navigation_scPosZ[nscan = 3] = {-3.8828e+06, 3.87834e+06, -3.88265e+06};
Float32 navigation_scVelX[nscan = 3] = {7516.79, -7518.79, 7503.51};
Float32 navigation_scVelY[nscan = 3] = {-1512.16, 1546.54, -1577.44};
Float32 navigation_scVelZ[nscan = 3] = {2.06234, 1.41035, -4.86268};
Float32 navigation_scLat[nscan = 3] = {-35.116, 35.1161, -35.1152};
Float32 navigation_scLon[nscan = 3] = {-119.473, 48.6859, -143.159};
Float32 navigation_scAlt[nscan = 3] = {407492, 399713, 407369};
Float32 navigation_scAttRoll[nscan = 3] = {0.171026, -0.17006, 0.170824};
Float32 navigation_scAttPitch[nscan = 3] = {-0.000320209, -0.000236158, -0.000608586};
Float32 navigation_scAttYaw[nscan = 3] = {-8.93165e-05, 0.00101244, -0.000171043};
Float32 navigation_SensorOrientationMatrix[nscan = 3][fakeDim2 = 3][fakeDim2 = 3] = {{{0.980358, 0.113667, 0.161179},{-0.197228, 0.563906, 0.801942},{0.000264914, -0.817979, 0.575248}},{{-0.979494, 0.115764, -0.164893},{0.201472, 0.563464, -0.801197},{0.000161492, -0.817989, -0.575233}},{{0.978608, 0.117838, 0.168644},{-0.205733, 0.563035, 0.800416},{-0.000632852, -0.817989, 0.575234}}};
Float32 navigation_greenHourAng[nscan = 3] = {18.1085, 29.6843, 41.2601};
Int32 rainFlag[nscan = 3][nray = 3] = {{0, 0, 0},{0, 0, 0},{0, 0, 0}};
Int16 rainType[nscan = 3][nray = 3] = {{-88, -88, -88},{-88, -88, -88},{-88, -88, -88}};
Int32 shallowRain[nscan = 3][nray = 3] = {{-88, -88, -88},{-88, -88, -88},{-88, -88, -88}};
Int32 status[nscan = 3][nray = 3] = {{-88, -88, -88},{-88, -88, -88},{-88, -88, -88}};
Int16 binBBpeak[nscan = 3][nray = 3] = {{-8888, -8888, -8888},{-8888, -8888, -8888},{-8888, -8888, -8888}};
Int16 HBB[nscan = 3][nray = 3] = {{-8888, -8888, -8888},{-8888, -8888, -8888},{-8888, -8888, -8888}};
Float32 BBintensity[nscan = 3][nray = 3] = {{-8888, -8888, -8888},{-8888, -8888, -8888},{-8888, -8888, -8888}};
Int16 freezH[nscan = 3][nray = 3] = {{1890, 2221, 2573},{4595, 4496, 4422},{1367, 1623, 1866}};
Int16 stormH[nscan = 3][nray = 3] = {{-8888, -8888, -8888},{-8888, -8888, -8888},{-8888, -8888, -8888}};
Int16 spare[nscan = 3][nray = 3] = {{-8888, -8888, -8888},{-8888, -8888, -8888},{-8888, -8888, -8888}};
Int16 BBboundary[nscan = 3][nray = 3][fakeDim4 = 2] = {{{-8888, -8888},{-8888, -8888},{-8888, -8888}},{{-8888, -8888},{-8888, -8888},{-8888, -8888}},{{-8888, -8888},{-8888, -8888},{-8888, -8888}}};
Int16 BBwidth[nscan = 3][nray = 3] = {{-8888, -8888, -8888},{-8888, -8888, -8888},{-8888, -8888, -8888}};
Int32 BBstatus[nscan = 3][nray = 3] = {{-88, -88, -88},{-88, -88, -88},{-88, -88, -88}};
Int32 fakeDim2[fakeDim2 = 3] = {0, 1, 2};
Int32 fakeDim4[fakeDim4 = 2] = {0, 1};

