<?xml version="1.0" encoding="ISO-8859-1"?>
<Dataset xmlns="http://xml.opendap.org/ns/DAP/4.0#" dapVersion="4.0" dmrVersion="1.0" name="GEDI04_A_2019107224731_O01958_01_T02638_02_002_02_V002.h5">
    <Attribute name="short_name" type="String">
        <Value>GEDI_L4A</Value>
    </Attribute>
    <Group name="ANCILLARY">
        <Structure name="model_data">
            <String name="predict_stratum"/>
            <Byte name="model_group"/>
            <String name="model_name"/>
            <Byte name="model_id"/>
            <String name="x_transform"/>
            <String name="y_transform"/>
            <String name="bias_correction_name"/>
            <String name="fit_stratum"/>
            <Byte name="rh_index">
                <Dim size="8"/>
            </Byte>
            <Byte name="predictor_id">
                <Dim size="8"/>
            </Byte>
            <Float32 name="predictor_max_value">
                <Dim size="8"/>
            </Float32>
            <Float64 name="vcov">
                <Dim size="5"/>
                <Dim size="5"/>
            </Float64>
            <Float64 name="par">
                <Dim size="5"/>
            </Float64>
            <Float32 name="rse"/>
            <UInt32 name="dof"/>
            <Float32 name="response_max_value"/>
            <Float32 name="bias_correction_value"/>
            <Byte name="npar"/>
            <Dim size="35"/>
            <Attribute name="DAP4_Checksum_CRC32" type="String">
                <Value>9ecd0f9f</Value>
            </Attribute>
        </Structure>
        <Structure name="pft_lut">
            <Byte name="pft_class"/>
            <String name="pft_name"/>
            <Dim size="7"/>
            <Attribute name="DAP4_Checksum_CRC32" type="String">
                <Value>0bb659aa</Value>
            </Attribute>
        </Structure>
        <Structure name="region_lut">
            <Byte name="region_class"/>
            <String name="region_name"/>
            <Dim size="7"/>
            <Attribute name="DAP4_Checksum_CRC32" type="String">
                <Value>634b2a18</Value>
            </Attribute>
        </Structure>
    </Group>
</Dataset>

The data:
Structure {
    String predict_stratum;
    Byte model_group;
    String model_name;
    Byte model_id;
    String x_transform;
    String y_transform;
    String bias_correction_name;
    String fit_stratum;
    Byte rh_index[8];
    Byte predictor_id[8];
    Float32 predictor_max_value[8];
    Float64 vcov[5][5];
    Float64 par[5];
    Float32 rse;
    UInt32 dof;
    Float32 response_max_value;
    Float32 bias_correction_value;
    Byte npar;
} model_data[35] = {{ "DBT_Af", 4, "DBT_Af", 3, "sqrt", "sqrt", "Snowdon", "DBT_Af", {50, 98, 0, 0, 0, 0, 0, 0}, {1, 2, 0, 0, 0, 0, 0, 0}, {10.9791, 11.3882, 0, 0, 0, 0, 0, 0}, {{22.05881690979, -1.82690513134003, -0.322376519441605, 0, 0},{-1.82690513134003, 0.522539377212524, -0.328566193580627, 0, 0},{-0.322376519441605, -0.328566193580627, 0.34476438164711, 0, 0},{0, 0, 0, 0, 0},{0, 0, 0, 0, 0}}, {-118.408065795898, 1.95679402351379, 9.96180534362793, 0, 0}, 1.9505, 487, 386.759, 1.09246, 3 }, { "DBT_Au", 4, "EBT_Au", 1, "sqrt", "sqrt", "Snowdon", "EBT_Au", {70, 98, 0, 0, 0, 0, 0, 0}, {1, 2, 0, 0, 0, 0, 0, 0}, {11.679, 12.0208, 0, 0, 0, 0, 0, 0}, {{23.4774703979492, 1.41688144207001, -3.46057057380676, 0, 0},{1.41688144207001, 0.776412129402161, -0.872368931770325, 0, 0},{-3.46057057380676, -0.872368931770325, 1.14751696586609, 0, 0},{0, 0, 0, 0, 0},{0, 0, 0, 0, 0}}, {-155.414199829102, 7.81670188903809, 7.70954656600952, 0, 0}, 2.92365, 210, 830.582, 1.01792, 3 }, { "DBT_Eu", 4, "DBT_Eu", 1, "sqrt", "sqrt", "Snowdon", "Eu", {70, 98, 0, 0, 0, 0, 0, 0}, {1, 2, 0, 0, 0, 0, 0, 0}, {11.5646, 11.9034, 0, 0, 0, 0, 0, 0}, {{7.37125635147095, -0.678515374660492, -0.00664900382980704, 0, 0},{-0.678515374660492, 0.516144335269928, -0.441614985466003, 0, 0},{-0.00664900382980704, -0.441614985466003, 0.431132078170776, 0, 0},{0, 0, 0, 0, 0},{0, 0, 0, 0, 0}}, {-96.5307006835938, 7.17539548873901, 2.92146825790405, 0, 0}, 2.81827, 747, 724.058, 0.962632, 3 }, { "DBT_NAs", 4, "DBT_coarse", 1, "sqrt", "sqrt", "Snowdon", "DBT", {60, 98, 0, 0, 0, 0, 0, 0}, {1, 2, 0, 0, 0, 0, 0, 0}, {11.5256, 11.8971, 0, 0, 0, 0, 0, 0}, {{6.36352872848511, -0.382217258214951, -0.218439280986786, 0, 0},{-0.382217258214951, 0.089701771736145, -0.050555694848299, 0, 0},{-0.218439280986786, -0.050555694848299, 0.0682957768440247, 0, 0},{0, 0, 0, 0, 0},{0, 0, 0, 0, 0}}, {-110.059127807617, 5.13380289077759, 6.17163038253784, 0, 0}, 2.66118, 1695, 724.058, 1.01663, 3 }, { "DBT_SA", 4, "EBT_SA", 1, "sqrt", "sqrt", "Snowdon", "EBT_SA", {50, 98, 0, 0, 0, 0, 0, 0}, {1, 2, 0, 0, 0, 0, 0, 0}, {12.2278, 12.7738, 0, 0, 0, 0, 0, 0}, {{3.32093930244446, -0.102545514702797, -0.194442674517632, 0, 0},{-0.102545514702797, 0.0728005170822144, -0.0601375512778759, 0, 0},{-0.194442674517632, -0.0601375512778759, 0.0742393210530281, 0, 0},{0, 0, 0, 0, 0},{0, 0, 0, 0, 0}}, {-134.770156860352, 6.65359163284302, 6.68711805343628, 0, 0}, 3.43962, 3438, 1578, 1.10553, 3 }, { "DBT_SAs", 4, "EBT_coarse", 1, "sqrt", "sqrt", "Snowdon", "EBT", {50, 98, 0, 0, 0, 0, 0, 0}, {1, 2, 0, 0, 0, 0, 0, 0}, {12.6681, 13.053, 0, 0, 0, 0, 0, 0}, {{1.62101709842682, -0.100037321448326, -0.0471960045397282, 0, 0},{-0.100037321448326, 0.0562552325427532, -0.0446902588009834, 0, 0},{-0.0471960045397282, -0.0446902588009834, 0.0466459095478058, 0, 0},{0, 0, 0, 0, 0},{0, 0, 0, 0, 0}}, {-104.965454101562, 6.80217409133911, 3.95531225204468, 0, 0}, 3.92091, 4811, 1578, 1.11337, 3 }, { "DBT_NAm", 4, "DBT_NAm", 1, "sqrt", "sqrt", "Snowdon", "NAm", {50, 98, 0, 0, 0, 0, 0, 0}, {1, 2, 0, 0, 0, 0, 0, 0}, {12.01, 12.753, 0, 0, 0, 0, 0, 0}, {{4.19623613357544, -0.304730415344238, -0.0976244211196899, 0, 0},{-0.304730415344238, 0.0564589351415634, -0.0253284927457571, 0, 0},{-0.0976244211196899, -0.0253284927457571, 0.0329145863652229, 0, 0},{0, 0, 0, 0, 0},{0, 0, 0, 0, 0}}, {-120.77709197998, 5.50771856307983, 6.80801820755005, 0, 0}, 3.12698, 2279, 1768.7, 1.05242, 3 }, { "EBT_Af", 4, "EBT_Af", 1, "sqrt", "sqrt", "Snowdon", "EBT", {50, 98, 0, 0, 0, 0, 0, 0}, {1, 2, 0, 0, 0, 0, 0, 0}, {12.6681, 13.053, 0, 0, 0, 0, 0, 0}, {{1.62101709842682, -0.100037321448326, -0.0471960045397282, 0, 0},{-0.100037321448326, 0.0562552325427532, -0.0446902588009834, 0, 0},{-0.0471960045397282, -0.0446902588009834, 0.0466459095478058, 0, 0},{0, 0, 0, 0, 0},{0, 0, 0, 0, 0}}, {-104.965454101562, 6.80217409133911, 3.95531225204468, 0, 0}, 3.92091, 4811, 1578, 1.11337, 3 }, { "EBT_Au", 4, "EBT_Au", 1, "sqrt", "sqrt", "Snowdon", "EBT_Au", {70, 98, 0, 0, 0, 0, 0, 0}, {1, 2, 0, 0, 0, 0, 0, 0}, {11.679, 12.0208, 0, 0, 0, 0, 0, 0}, {{23.4774703979492, 1.41688144207001, -3.46057057380676, 0, 0},{1.41688144207001, 0.776412129402161, -0.872368931770325, 0, 0},{-3.46057057380676, -0.872368931770325, 1.14751696586609, 0, 0},{0, 0, 0, 0, 0},{0, 0, 0, 0, 0}}, {-155.414199829102, 7.81670188903809, 7.70954656600952, 0, 0}, 2.92365, 210, 830.582, 1.01792, 3 }, { "EBT_Eu", 4, "DBT_Eu", 1, "sqrt", "sqrt", "Snowdon", "Eu", {70, 98, 0, 0, 0, 0, 0, 0}, {1, 2, 0, 0, 0, 0, 0, 0}, {11.5646, 11.9034, 0, 0, 0, 0, 0, 0}, {{7.37125635147095, -0.678515374660492, -0.00664900382980704, 0, 0},{-0.678515374660492, 0.516144335269928, -0.441614985466003, 0, 0},{-0.00664900382980704, -0.441614985466003, 0.431132078170776, 0, 0},{0, 0, 0, 0, 0},{0, 0, 0, 0, 0}}, {-96.5307006835938, 7.17539548873901, 2.92146825790405, 0, 0}, 2.81827, 747, 724.058, 0.962632, 3 }, { "EBT_NAs", 4, "DBT_coarse", 1, "sqrt", "sqrt", "Snowdon", "DBT", {60, 98, 0, 0, 0, 0, 0, 0}, {1, 2, 0, 0, 0, 0, 0, 0}, {11.5256, 11.8971, 0, 0, 0, 0, 0, 0}, {{6.36352872848511, -0.382217258214951, -0.218439280986786, 0, 0},{-0.382217258214951, 0.089701771736145, -0.050555694848299, 0, 0},{-0.218439280986786, -0.050555694848299, 0.0682957768440247, 0, 0},{0, 0, 0, 0, 0},{0, 0, 0, 0, 0}}, {-110.059127807617, 5.13380289077759, 6.17163038253784, 0, 0}, 2.66118, 1695, 724.058, 1.01663, 3 }, { "EBT_SA", 4, "EBT_SA", 1, "sqrt", "sqrt", "Snowdon", "EBT_SA", {50, 98, 0, 0, 0, 0, 0, 0}, {1, 2, 0, 0, 0, 0, 0, 0}, {12.2278, 12.7738, 0, 0, 0, 0, 0, 0}, {{3.32093930244446, -0.102545514702797, -0.194442674517632, 0, 0},{-0.102545514702797, 0.0728005170822144, -0.0601375512778759, 0, 0},{-0.194442674517632, -0.0601375512778759, 0.0742393210530281, 0, 0},{0, 0, 0, 0, 0},{0, 0, 0, 0, 0}}, {-134.770156860352, 6.65359163284302, 6.68711805343628, 0, 0}, 3.43962, 3438, 1578, 1.10553, 3 }, { "EBT_SAs", 4, "EBT_coarse", 1, "sqrt", "sqrt", "Snowdon", "EBT", {50, 98, 0, 0, 0, 0, 0, 0}, {1, 2, 0, 0, 0, 0, 0, 0}, {12.6681, 13.053, 0, 0, 0, 0, 0, 0}, {{1.62101709842682, -0.100037321448326, -0.0471960045397282, 0, 0},{-0.100037321448326, 0.0562552325427532, -0.0446902588009834, 0, 0},{-0.0471960045397282, -0.0446902588009834, 0.0466459095478058, 0, 0},{0, 0, 0, 0, 0},{0, 0, 0, 0, 0}}, {-104.965454101562, 6.80217409133911, 3.95531225204468, 0, 0}, 3.92091, 4811, 1578, 1.11337, 3 }, { "EBT_NAm", 4, "DBT_NAm", 1, "sqrt", "sqrt", "Snowdon", "NAm", {50, 98, 0, 0, 0, 0, 0, 0}, {1, 2, 0, 0, 0, 0, 0, 0}, {12.01, 12.753, 0, 0, 0, 0, 0, 0}, {{4.19623613357544, -0.304730415344238, -0.0976244211196899, 0, 0},{-0.304730415344238, 0.0564589351415634, -0.0253284927457571, 0, 0},{-0.0976244211196899, -0.0253284927457571, 0.0329145863652229, 0, 0},{0, 0, 0, 0, 0},{0, 0, 0, 0, 0}}, {-120.77709197998, 5.50771856307983, 6.80801820755005, 0, 0}, 3.12698, 2279, 1768.7, 1.05242, 3 }, { "ENT_Af", 4, "ENT_coarse", 4, "sqrt", "sqrt", "Snowdon", "ENT", {60, 98, 0, 0, 0, 0, 0, 0}, {1, 2, 0, 0, 0, 0, 0, 0}, {12.1033, 12.753, 0, 0, 0, 0, 0, 0}, {{3.74162697792053, -0.280790448188782, -0.0725276321172714, 0, 0},{-0.280790448188782, 0.112959712743759, -0.0829781517386436, 0, 0},{-0.0725276321172714, -0.0829781517386436, 0.0865325555205345, 0, 0},{0, 0, 0, 0, 0},{0, 0, 0, 0, 0}}, {-118.411338806152, 7.7767071723938, 4.37790441513062, 0, 0}, 3.29249, 1983, 1768.7, 1.01837, 3 }, { "ENT_Au", 3, "ENT_Au", 1, "sqrt", "sqrt", "Snowdon", "ENT_Au", {40, 98, 0, 0, 0, 0, 0, 0}, {1, 2, 0, 0, 0, 0, 0, 0}, {11.5412, 12.0872, 0, 0, 0, 0, 0, 0}, {{77.2604064941406, -8.94047546386719, 1.45158100128174, 0, 0},{-8.94047546386719, 2.7715117931366, -1.82259929180145, 0, 0},{1.45158100128174, -1.82259929180145, 1.60429966449738, 0, 0},{0, 0, 0, 0, 0},{0, 0, 0, 0, 0}}, {-101.984199523926, 6.39672470092773, 4.25883531570435, 0, 0}, 3.07541, 139, 571.716, 0.897592, 3 }, { "ENT_Eu", 4, "ENT_Eu", 1, "sqrt", "sqrt", "Snowdon", "Eu", {70, 98, 0, 0, 0, 0, 0, 0}, {1, 2, 0, 0, 0, 0, 0, 0}, {11.5646, 11.9034, 0, 0, 0, 0, 0, 0}, {{7.37125635147095, -0.678515374660492, -0.00664900382980704, 0, 0},{-0.678515374660492, 0.516144335269928, -0.441614985466003, 0, 0},{-0.00664900382980704, -0.441614985466003, 0.431132078170776, 0, 0},{0, 0, 0, 0, 0},{0, 0, 0, 0, 0}}, {-96.5307006835938, 7.17539548873901, 2.92146825790405, 0, 0}, 2.81827, 747, 724.058, 0.962632, 3 }, { "ENT_NAs", 4, "ENT_coarse", 4, "sqrt", "sqrt", "Snowdon", "ENT", {60, 98, 0, 0, 0, 0, 0, 0}, {1, 2, 0, 0, 0, 0, 0, 0}, {12.1033, 12.753, 0, 0, 0, 0, 0, 0}, {{3.74162697792053, -0.280790448188782, -0.0725276321172714, 0, 0},{-0.280790448188782, 0.112959712743759, -0.0829781517386436, 0, 0},{-0.0725276321172714, -0.0829781517386436, 0.0865325555205345, 0, 0},{0, 0, 0, 0, 0},{0, 0, 0, 0, 0}}, {-118.411338806152, 7.7767071723938, 4.37790441513062, 0, 0}, 3.29249, 1983, 1768.7, 1.01837, 3 }, { "ENT_SA", 4, "ENT_coarse", 4, "sqrt", "sqrt", "Snowdon", "ENT", {60, 98, 0, 0, 0, 0, 0, 0}, {1, 2, 0, 0, 0, 0, 0, 0}, {12.1033, 12.753, 0, 0, 0, 0, 0, 0}, {{3.74162697792053, -0.280790448188782, -0.0725276321172714, 0, 0},{-0.280790448188782, 0.112959712743759, -0.0829781517386436, 0, 0},{-0.0725276321172714, -0.0829781517386436, 0.0865325555205345, 0, 0},{0, 0, 0, 0, 0},{0, 0, 0, 0, 0}}, {-118.411338806152, 7.7767071723938, 4.37790441513062, 0, 0}, 3.29249, 1983, 1768.7, 1.01837, 3 }, { "ENT_SAs", 4, "ENT_coarse", 4, "sqrt", "sqrt", "Snowdon", "ENT", {60, 98, 0, 0, 0, 0, 0, 0}, {1, 2, 0, 0, 0, 0, 0, 0}, {12.1033, 12.753, 0, 0, 0, 0, 0, 0}, {{3.74162697792053, -0.280790448188782, -0.0725276321172714, 0, 0},{-0.280790448188782, 0.112959712743759, -0.0829781517386436, 0, 0},{-0.0725276321172714, -0.0829781517386436, 0.0865325555205345, 0, 0},{0, 0, 0, 0, 0},{0, 0, 0, 0, 0}}, {-118.411338806152, 7.7767071723938, 4.37790441513062, 0, 0}, 3.29249, 1983, 1768.7, 1.01837, 3 }, { "ENT_NAm", 4, "ENT_NAm", 2, "sqrt", "sqrt", "Snowdon", "ENT", {70, 98, 0, 0, 0, 0, 0, 0}, {1, 2, 0, 0, 0, 0, 0, 0}, {12.3223, 12.753, 0, 0, 0, 0, 0, 0}, {{3.49076461791992, -0.242189899086952, -0.0849652141332626, 0, 0},{-0.242189899086952, 0.133201763033867, -0.106942713260651, 0, 0},{-0.0849652141332626, -0.106942713260651, 0.111495435237885, 0, 0},{0, 0, 0, 0, 0},{0, 0, 0, 0, 0}}, {-114.354568481445, 8.40065765380859, 3.34595799446106, 0, 0}, 3.31007, 1983, 1768.7, 1.01253, 3 }, { "DNT_Af", 4, "ENT_coarse", 4, "sqrt", "sqrt", "Snowdon", "ENT", {60, 98, 0, 0, 0, 0, 0, 0}, {1, 2, 0, 0, 0, 0, 0, 0}, {12.1033, 12.753, 0, 0, 0, 0, 0, 0}, {{3.74162697792053, -0.280790448188782, -0.0725276321172714, 0, 0},{-0.280790448188782, 0.112959712743759, -0.0829781517386436, 0, 0},{-0.0725276321172714, -0.0829781517386436, 0.0865325555205345, 0, 0},{0, 0, 0, 0, 0},{0, 0, 0, 0, 0}}, {-118.411338806152, 7.7767071723938, 4.37790441513062, 0, 0}, 3.29249, 1983, 1768.7, 1.01837, 3 }, { "DNT_Au", 3, "ENT_Au", 1, "sqrt", "sqrt", "Snowdon", "ENT_Au", {40, 98, 0, 0, 0, 0, 0, 0}, {1, 2, 0, 0, 0, 0, 0, 0}, {11.5412, 12.0872, 0, 0, 0, 0, 0, 0}, {{77.2604064941406, -8.94047546386719, 1.45158100128174, 0, 0},{-8.94047546386719, 2.7715117931366, -1.82259929180145, 0, 0},{1.45158100128174, -1.82259929180145, 1.60429966449738, 0, 0},{0, 0, 0, 0, 0},{0, 0, 0, 0, 0}}, {-101.984199523926, 6.39672470092773, 4.25883531570435, 0, 0}, 3.07541, 139, 571.716, 0.897592, 3 }, { "DNT_Eu", 4, "ENT_Eu", 1, "sqrt", "sqrt", "Snowdon", "Eu", {70, 98, 0, 0, 0, 0, 0, 0}, {1, 2, 0, 0, 0, 0, 0, 0}, {11.5646, 11.9034, 0, 0, 0, 0, 0, 0}, {{7.37125635147095, -0.678515374660492, -0.00664900382980704, 0, 0},{-0.678515374660492, 0.516144335269928, -0.441614985466003, 0, 0},{-0.00664900382980704, -0.441614985466003, 0.431132078170776, 0, 0},{0, 0, 0, 0, 0},{0, 0, 0, 0, 0}}, {-96.5307006835938, 7.17539548873901, 2.92146825790405, 0, 0}, 2.81827, 747, 724.058, 0.962632, 3 }, { "DNT_NAs", 4, "ENT_coarse", 4, "sqrt", "sqrt", "Snowdon", "ENT", {60, 98, 0, 0, 0, 0, 0, 0}, {1, 2, 0, 0, 0, 0, 0, 0}, {12.1033, 12.753, 0, 0, 0, 0, 0, 0}, {{3.74162697792053, -0.280790448188782, -0.0725276321172714, 0, 0},{-0.280790448188782, 0.112959712743759, -0.0829781517386436, 0, 0},{-0.0725276321172714, -0.0829781517386436, 0.0865325555205345, 0, 0},{0, 0, 0, 0, 0},{0, 0, 0, 0, 0}}, {-118.411338806152, 7.7767071723938, 4.37790441513062, 0, 0}, 3.29249, 1983, 1768.7, 1.01837, 3 }, { "DNT_SA", 4, "ENT_coarse", 4, "sqrt", "sqrt", "Snowdon", "ENT", {60, 98, 0, 0, 0, 0, 0, 0}, {1, 2, 0, 0, 0, 0, 0, 0}, {12.1033, 12.753, 0, 0, 0, 0, 0, 0}, {{3.74162697792053, -0.280790448188782, -0.0725276321172714, 0, 0},{-0.280790448188782, 0.112959712743759, -0.0829781517386436, 0, 0},{-0.0725276321172714, -0.0829781517386436, 0.0865325555205345, 0, 0},{0, 0, 0, 0, 0},{0, 0, 0, 0, 0}}, {-118.411338806152, 7.7767071723938, 4.37790441513062, 0, 0}, 3.29249, 1983, 1768.7, 1.01837, 3 }, { "DNT_SAs", 4, "ENT_coarse", 4, "sqrt", "sqrt", "Snowdon", "ENT", {60, 98, 0, 0, 0, 0, 0, 0}, {1, 2, 0, 0, 0, 0, 0, 0}, {12.1033, 12.753, 0, 0, 0, 0, 0, 0}, {{3.74162697792053, -0.280790448188782, -0.0725276321172714, 0, 0},{-0.280790448188782, 0.112959712743759, -0.0829781517386436, 0, 0},{-0.0725276321172714, -0.0829781517386436, 0.0865325555205345, 0, 0},{0, 0, 0, 0, 0},{0, 0, 0, 0, 0}}, {-118.411338806152, 7.7767071723938, 4.37790441513062, 0, 0}, 3.29249, 1983, 1768.7, 1.01837, 3 }, { "DNT_NAm", 4, "ENT_NAm", 2, "sqrt", "sqrt", "Snowdon", "ENT", {70, 98, 0, 0, 0, 0, 0, 0}, {1, 2, 0, 0, 0, 0, 0, 0}, {12.3223, 12.753, 0, 0, 0, 0, 0, 0}, {{3.49076461791992, -0.242189899086952, -0.0849652141332626, 0, 0},{-0.242189899086952, 0.133201763033867, -0.106942713260651, 0, 0},{-0.0849652141332626, -0.106942713260651, 0.111495435237885, 0, 0},{0, 0, 0, 0, 0},{0, 0, 0, 0, 0}}, {-114.354568481445, 8.40065765380859, 3.34595799446106, 0, 0}, 3.31007, 1983, 1768.7, 1.01253, 3 }, { "GSW_Af", 4, "GSW_coarse", 1, "sqrt", "sqrt", "Snowdon", "GSW", {98, 0, 0, 0, 0, 0, 0, 0}, {1, 0, 0, 0, 0, 0, 0, 0}, {11.0359, 0, 0, 0, 0, 0, 0, 0}, {{30.6130332946777, -2.93952202796936, 0, 0, 0},{-2.93952202796936, 0.28246009349823, 0, 0, 0},{0, 0, 0, 0, 0},{0, 0, 0, 0, 0},{0, 0, 0, 0, 0}}, {-124.83228302002, 12.4263095855713, 0, 0, 0}, 1.62627, 87, 192.563, 1.11819, 2 }, { "GSW_Au", 4, "GSW_Au", 3, "sqrt", "sqrt", "Snowdon", "GSW", {50, 80, 98, 0, 0, 0, 0, 0}, {1, 2, 3, 0, 0, 0, 0, 0}, {10.4871, 10.8023, 11.0359, 0, 0, 0, 0, 0}, {{341.037902832031, -45.7308921813965, 12.4101085662842, -0.767153024673462, 0},{-45.7308921813965, 7.91154861450195, -4.43319845199585, 1.09984457492828, 0},{12.4101085662842, -4.43319845199585, 6.25737237930298, -3.04644751548767, 0},{-0.767153024673462, 1.09984457492828, -3.04644751548767, 1.99869871139526, 0},{0, 0, 0, 0, 0}}, {-151.383499145508, 4.49071359634399, -2.34683728218079, 12.9414234161377, 0}, 1.6374, 85, 192.563, 1.12797, 4 }, { "GSW_Eu", 4, "GSW_coarse", 1, "sqrt", "sqrt", "Snowdon", "GSW", {98, 0, 0, 0, 0, 0, 0, 0}, {1, 0, 0, 0, 0, 0, 0, 0}, {11.0359, 0, 0, 0, 0, 0, 0, 0}, {{30.6130332946777, -2.93952202796936, 0, 0, 0},{-2.93952202796936, 0.28246009349823, 0, 0, 0},{0, 0, 0, 0, 0},{0, 0, 0, 0, 0},{0, 0, 0, 0, 0}}, {-124.83228302002, 12.4263095855713, 0, 0, 0}, 1.62627, 87, 192.563, 1.11819, 2 }, { "GSW_NAs", 4, "GSW_coarse", 1, "sqrt", "sqrt", "Snowdon", "GSW", {98, 0, 0, 0, 0, 0, 0, 0}, {1, 0, 0, 0, 0, 0, 0, 0}, {11.0359, 0, 0, 0, 0, 0, 0, 0}, {{30.6130332946777, -2.93952202796936, 0, 0, 0},{-2.93952202796936, 0.28246009349823, 0, 0, 0},{0, 0, 0, 0, 0},{0, 0, 0, 0, 0},{0, 0, 0, 0, 0}}, {-124.83228302002, 12.4263095855713, 0, 0, 0}, 1.62627, 87, 192.563, 1.11819, 2 }, { "GSW_SA", 4, "GSW_coarse", 1, "sqrt", "sqrt", "Snowdon", "GSW", {98, 0, 0, 0, 0, 0, 0, 0}, {1, 0, 0, 0, 0, 0, 0, 0}, {11.0359, 0, 0, 0, 0, 0, 0, 0}, {{30.6130332946777, -2.93952202796936, 0, 0, 0},{-2.93952202796936, 0.28246009349823, 0, 0, 0},{0, 0, 0, 0, 0},{0, 0, 0, 0, 0},{0, 0, 0, 0, 0}}, {-124.83228302002, 12.4263095855713, 0, 0, 0}, 1.62627, 87, 192.563, 1.11819, 2 }, { "GSW_SAs", 4, "GSW_coarse", 1, "sqrt", "sqrt", "Snowdon", "GSW", {98, 0, 0, 0, 0, 0, 0, 0}, {1, 0, 0, 0, 0, 0, 0, 0}, {11.0359, 0, 0, 0, 0, 0, 0, 0}, {{30.6130332946777, -2.93952202796936, 0, 0, 0},{-2.93952202796936, 0.28246009349823, 0, 0, 0},{0, 0, 0, 0, 0},{0, 0, 0, 0, 0},{0, 0, 0, 0, 0}}, {-124.83228302002, 12.4263095855713, 0, 0, 0}, 1.62627, 87, 192.563, 1.11819, 2 }, { "GSW_NAm", 4, "GSW_coarse", 1, "sqrt", "sqrt", "Snowdon", "GSW", {98, 0, 0, 0, 0, 0, 0, 0}, {1, 0, 0, 0, 0, 0, 0, 0}, {11.0359, 0, 0, 0, 0, 0, 0, 0}, {{30.6130332946777, -2.93952202796936, 0, 0, 0},{-2.93952202796936, 0.28246009349823, 0, 0, 0},{0, 0, 0, 0, 0},{0, 0, 0, 0, 0},{0, 0, 0, 0, 0}}, {-124.83228302002, 12.4263095855713, 0, 0, 0}, 1.62627, 87, 192.563, 1.11819, 2 }};
Structure {
    Byte pft_class;
    String pft_name;
} pft_lut[7] = {{ 1, "ENT" }, { 3, "DNT" }, { 2, "EBT" }, { 4, "DBT" }, { 5, "GSW" }, { 6, "GSW" }, { 11, "GSW" }};
Structure {
    Byte region_class;
    String region_name;
} region_lut[7] = {{ 1, "Eu" }, { 2, "NAs" }, { 5, "SAs" }, { 3, "Au" }, { 4, "Af" }, { 6, "SA" }, { 7, "NAm" }};

